1 331 0 592 5 792 8 900 2 1122 7
17 286 18 543 4 784 12
0 468 16 660 17 878 18 1068 4 1218 12
11 250 6 437 0 602 5 746 8 912 7 1165 2 1327 14 1523 9 1569 3 1645 4 1746 13 1827 15 2046 19
18 331 4 566 5 784 0 930 6 1143 17 1309 16
17 351 18 637 4 843 13 976 8 1137 7 1307 2 1427 1 1539 0 1684 5
4 312 12
17 379 6 631 11
7 277 2 465 14 622 15 874 19
1 266 2 489 3 770 6 982 17 1151 16 1323 0 1448 5 1563 8 1683 7
17 272 6 465 13 610 15 805 9 851 3 1005 2 1086 8 1162 10
10 126 8 267 13 422 4 563 5 688 0 842 1 990 2 1218 7
0 283 16 467 17 677 18 946 4 1115 12
16 223 17 468 6 718 3 833 4 1005 13 1108 15 1254 9 1399 14 1558 2 1632 8 1772 5 1894 0 2032 1
8 216 13 465 6 725 17 890 16 1081 0 1219 1 1331 2 1451 3 1536 4 1668 18
8 150 10
6 288 13 491 4 631 3 678 9 867 14 993 15 1178 19
8 288 10
13 226 6 544 17 755 18 949 4 1116 12
7 244 2 393 1 538 0 675 6 821 13 936 15 1125 19
7 201 8 293 2 438 3 493 9 708 15 827 14
4 219 5 395 0 526 6 678 11
15 240 14 503 9 556 3 802 6 968 11
4 321 18 555 17 720 16 909 0 1043 6 1230 3 1270 9 1475 15 1592 13 1697 8 1813 7 1950 2 2052 1
14 337 15 715 9 786 3 939 4 1129 5 1280 8 1425 7 1584 2 1690 1 1787 0 1915 16 2050 17 2205 18
1 232 2 497 14 774 9 1016 15 1257 19
5 233 0 481 16 698 17 894 6 1050 11
2 299 1 505 0 770 16 945 17 1135 6 1371 3 1471 4 1594 5 1744 8 1848 13 1964 15 2177 19
8 135 2 322 3 461 4 619 5 771 0 878 6 1058 11
4 215 5 414 0 553 1 674 2 743 8 836 13 952 15 1094 14 1286 9 1321 3 1527 6 1665 17 1836 18
10 202 8 365 2 564 1 733 0 935 16 1095 17 1312 6 1493 3 1585 4 1732 18
5 272 4 492 13 637 15 844 9 890 3 1012 2 1225 7 1388 8 1500 10
5 226 0 396 6 578 13 715 15 952 19
4 355 5 620 0 830 1 1006 2 1113 8 1204 10
4 382 12
11 341 6 581 13 788 4 933 3 1082 2 1288 14 1419 15 1570 9
12 330 4 599 13 804 6 998 11
18 339 4 588 12
11 297 6 627 3 691 9 934 14 1135 2 1293 1 1444 0 1574 5 1719 4 1867 18 1992 17 2098 16
2 276 8 451 5 626 4 826 18 1062 17 1215 6 1373 13 1485 15 1688 19
2 246 14 426 15 551 13 697 6 887 3 988 4 1127 18 1293 17 1399 16 1579 0 1707 5 1812 8 1887 10
0 193 6 557 3 613 9 821 14 968 15 1080 13 1173 8 1251 10
16 269 17 524 6 773 3 928 2 1102 7 1236 8 1353 5 1462 4 1566 12
3 80 9 390 14 595 2 738 1 873 0 1009 5 1125 8 1236 7
11 436 6 665 13 827 15 1122 19
10 142 8 348 5 525 4 641 3 773 2 882 1 983 0 1126 16 1262 17 1404 6 1505 13 1597 15 1760 9 1921 14
10 118 8 270 5 440 4 641 12
16 214 17 463 6 709 3 882 2 1065 14 1252 9 1444 15 1662 19
8 136 10
7 291 2 457 1 607 0 754 5 904 4 1041 3 1088 9 1293 14 1407 15 1608 19
2 258 14 479 15 625 13 752 8 897 5 1050 0 1207 16 1354 17 1500 18 1636 4 1786 12
2 243 3 429 4 604 13 730 8 881 5 1027 0 1153 1
19 403 15 663 9 720 3 968 6 1140 11
17 330 18 625 4 846 12
12 267 4 536 18 758 17 960 6 1117 13 1218 8 1344 5 1463 0 1577 1 1670 2 1804 7
1 204 0 452 16 646 17 834 6 979 13 1129 4 1266 12
12 225 4 459 18 657 17 808 16 976 0 1086 6 1213 13 1314 8 1388 2 1541 7
14 324 9 575 15 724 13 840 8 968 5 1119 4 1257 18 1394 17 1485 16 1607 0 1715 1 1831 2 1977 3 2188 6 2321 11
15 362 14 630 2 811 1 972 0 1184 16 1362 17 1557 18 1754 4 1913 12
11 250 6 502 17 707 18 905 4 1052 5 1185 0 1321 16
18 290 17 539 6 707 13 886 4 1008 3 1052 9 1206 15 1328 14 1454 2 1612 7 1776 8 1891 5 2051 0 2220 16
3 264 2 394 8 580 5 763 4 985 12
0 289 16 499 17 710 18 927 4 1076 13 1179 8 1247 10
3 83 9 336 15 634 19
8 298 5 597 4 923 18 1179 17 1374 16 1564 0 1684 6 1873 3 1982 2 2100 14 2255 9 2438 15 2526 13
0 187 5 336 8 490 7 664 2 857 14 1008 9 1045 3 1130 4 1261 12
5 172 8 273 2 428 1 544 0 695 16 825 17 994 18 1126 4 1243 13 1340 15 1577 19
0 205 6 417 11
12 264 4 471 13 620 15 875 19
2 255 14 447 15 668 9 719 3 933 6 1064 13 1208 4 1335 5 1444 0 1589 16 1693 17 1845 18
2 246 14 521 9 575 3 720 4 878 13 1024 6 1135 0 1277 16 1378 17 1503 18
0 273 16 458 17 682 18 885 4 1039 13 1152 15 1326 9 1365 3 1596 6 1743 11
0 231 16 411 17 591 18 802 4 940 13 1098 15 1348 19
9 260 15 437 14 608 2 688 8 762 10
15 226 14 458 2 695 7 853 8 934 10
12 212 4 359 3 512 2 689 7 821 8 909 10
8 251 5 482 4 730 18 943 17 1146 6 1295 0 1430 1 1547 2 1722 7
14 378 9 633 15 773 13 902 8 989 2 1130 1 1241 0 1343 6 1515 3 1599 4 1745 18 1936 17 2041 16
5 222 8 386 13 536 15 784 19
2 125 8 275 13 448 4 632 5 764 0 872 1
14 261 9 321 3 468 2 584 1 690 0 792 6 949 17 1117 16
1 291 0 530 16 690 17 916 18 1082 4 1233 5 1333 8 1401 2 1543 7
14 234 2 446 7 605 8 708 13 832 6 988 17 1123 16 1290 0 1385 5 1510 4 1608 3 1644 9 1806 15 1979 19
19 461 15 766 9 832 3 1075 6 1260 13 1369 8 1533 7 1712 2 1860 14
13 237 4 490 18 702 17 865 16 1057 0 1192 1 1304 2 1472 7 1615 8 1677 10
7 278 8 447 10
5 223 8 421 7 637 2 804 14 989 9 1033 3 1245 6 1366 0 1504 16 1641 17 1758 18 1882 4 2056 12
9 76 3 239 4 458 18 647 17 837 6 943 0 1107 1 1249 2 1327 8 1438 5
15 338 9 673 14 888 2 1031 3 1259 6 1409 17 1538 16 1685 0 1817 5 1915 8 2063 7
13 230 6 465 17 682 18 891 4 1007 3 1141 2 1249 1 1345 0 1451 5 1554 8 1732 7
10 116 8 279 5 434 4 600 13 712 15 907 19
9 82 3 385 6 579 11
0 199 5 354 8 514 7 689 2 816 3 913 4 1035 12
18 280 4 495 12
16 294 0 491 5 672 4 865 13 987 8 1055 2 1196 14 1366 9 1410 3 1612 6 1774 17 1902 18
18 274 17 482 16 708 0 864 6 1030 11
10 189 8 335 2 578 3 636 9 890 14 1048 15 1261 19
10 132 8 295 5 439 0 611 16 779 17 959 18 1155 4 1293 12
19 491 15 712 13 880 8 1067 7 1255 2 1386 3 1493 4 1665 12
12 293 4 534 18 738 17 964 6 1228 3 1270 9 1436 14 1565 15 1737 19
